Trajectories
100
,,IMUMode2:LASI,,,IMUMode2:LPSI,,,IMUMode2:RPSI,,,IMUMode2:RASI,,,IMUMode2:RHIP,,,IMUMode2:RKNE,,,IMUMode2:RKNE2,,,IMUMode2:RTIB,,,IMUMode2:RANK,,,IMUMode2:RANK2,,,IMUMode2:RHEE,,,IMUMode2:RTOE,,,IMUMode2:LHIP,,,IMUMode2:LKNE,,,IMUMode2:LKNE2,,,IMUMode2:LTIB,,,IMUMode2:LANK,,,IMUMode2:LANK2,,,IMUMode2:LHEE,,,IMUMode2:LTOE,,,
Frame,Sub Frame,X,Y,Z,X,Y,Z,X,Y,Z,X,Y,Z,X,Y,Z,X,Y,Z,X,Y,Z,X,Y,Z,X,Y,Z,X,Y,Z,X,Y,Z,X,Y,Z,X,Y,Z,X,Y,Z,X,Y,Z,X,Y,Z,X,Y,Z,X,Y,Z,X,Y,Z,X,Y,Z
,,mm,mm,mm,mm,mm,mm,mm,mm,mm,mm,mm,mm,mm,mm,mm,mm,mm,mm,mm,mm,mm,mm,mm,mm,mm,mm,mm,mm,mm,mm,mm,mm,mm,mm,mm,mm,mm,mm,mm,mm,mm,mm,mm,mm,mm,mm,mm,mm,mm,mm,mm,mm,mm,mm,mm,mm,mm,mm,mm,mm
973,0,246.305,464.161,908.753,310.215,299.311,984.704,415.894,303.058,989.878,479.015,465.814,915.09,534.521,418.992,834.748,503.002,587.438,506.17,395.555,597.782,498.613,487.975,599.856,404.377,463.346,484.74,171.377,397.931,527.535,176.212,401.701,428.249,152.656,464.687,617.081,90.2922,198.866,383.13,838.497,233.595,337.174,468.413,338.443,326.608,465.874,252.484,342.181,366.748,263.748,242.669,126.493,339.675,262.63,134.06,287.421,378.074,79.6264,313.22,172.226,86.2426
974,0,246.208,474.361,906.637,310.835,310.376,983.816,416.388,314.625,989.148,478.89,477.094,913.404,534.918,430.056,833.683,503.725,597.869,504.619,396.94,608.923,496.499,489.608,615.81,403.541,466.674,517.162,163.163,400.962,559.499,170.226,404.67,462.218,140.141,468.876,654.515,91.0697,199.277,392.239,837.155,235.001,340.58,467.03,338.406,330.624,465.17,252.379,344.755,366.271,263.902,242.995,127.004,339.675,263.199,134.452,286.795,378.42,79.6979,313.312,172.394,86.6185
975,0,246.118,484.495,904.43,311.343,321.457,982.977,416.927,326.236,988.308,478.884,488.551,911.581,535.356,441.129,832.308,504.214,607.599,502.362,397.777,619.006,493.94,491.16,631.151,402.465,470.069,550.045,155.486,404.511,591.641,164.74,408.384,496.692,128.555,473.193,691.874,92.8585,199.616,401.316,835.833,235.032,344.451,466.551,338.23,335.045,464.452,252.209,347.534,365.746,264.05,243.331,127.63,339.656,263.826,134.888,287.316,378.266,79.4393,313.352,172.562,87.0283
976,0,246.139,494.724,902.2,312.199,332.677,982.081,417.761,337.958,987.364,479.054,500.242,909.587,535.698,452.126,830.639,504.235,616.226,499.255,398.729,628.339,490.699,492.459,645.637,401.121,474.429,582.655,149.101,408.128,623.84,160.15,412.626,531.545,117.889,477.581,728.687,95.8401,200.126,410.486,834.454,235.103,348.421,466.078,338.677,339.369,464.09,252.128,350.412,365.359,264.186,243.634,128.216,339.813,264.41,135.414,287.367,378.29,79.3354,313.467,172.715,87.4749
977,0,246.198,505.027,900.055,313.218,343.894,981.078,418.755,349.779,986.223,479.333,512.042,907.507,536.305,463.279,828.779,504.181,623.918,495.829,399.147,636.777,486.941,493.855,659.235,399.643,478.99,615.199,143.094,411.957,655.618,156.812,417.231,566.377,108.508,481.909,764.835,100.167,200.759,419.748,833.068,235.242,352.53,465.721,338.664,344.033,463.583,252.02,353.395,364.936,264.457,244.035,128.936,339.914,265.12,135.946,287.461,378.205,79.1713,313.757,172.997,88.0782
978,0,246.455,515.325,897.907,314.326,355.125,979.95,419.865,361.63,984.988,479.721,524.051,905.19,536.695,474.616,826.682,503.639,630.23,492.257,399.218,644.382,482.558,494.798,672.168,398.444,483.451,647.753,139.786,416.393,686.324,154.796,422.335,601.005,100.609,486.279,799.913,106.251,201.46,429.086,831.698,235.544,356.846,465.415,338.956,348.925,463.242,251.962,356.656,364.641,264.674,244.554,129.685,340.102,265.927,136.583,287.246,377.792,79.3836,314.011,173.197,88.8983
979,0,246.652,525.778,895.857,315.569,366.43,978.73,420.977,373.585,983.512,480.214,536.134,903.048,536.828,485.826,824.475,504.303,637.699,488.229,399.774,650.964,477.734,495.241,685.178,397.279,487.52,679.089,137.392,420,716.084,154.22,427.403,634.787,94.4181,489.991,833.391,113.965,202.116,438.528,830.341,235.733,361.471,465.186,338.421,353.392,463.294,251.959,360.086,364.412,264.853,245.065,130.711,340.218,266.701,137.342,287.329,378.236,79.1498,314.104,173.612,90.0704
980,0,246.969,536.333,893.899,316.91,377.785,977.313,422.407,385.743,981.796,480.689,548.585,900.69,536.996,497.6,821.92,505.255,645.842,483.629,400.364,656.839,472.614,496.608,697.918,396.667,490.875,708.752,136.717,422.554,744.019,154.997,431.576,667.072,89.8201,492.334,864.793,123.411,202.797,448.127,829.003,235.944,366.503,465.024,339.33,359.899,462.231,251.893,363.76,364.194,264.972,245.682,131.884,340.224,267.815,138.15,287.352,378.279,79.0252,314.286,174.05,91.3282
981,0,247.035,546.992,892.081,318.257,389.201,975.784,423.675,398.011,979.928,481.048,561.199,898.22,537.605,509.359,819.481,506.371,653.75,479.42,401.304,662.237,467.029,497.852,710.232,396.175,492.854,737.558,137.523,424.424,769.737,157.001,435.301,697.67,86.904,493.436,893.37,134.063,203.535,457.918,827.641,236.343,372.102,464.716,340.167,366.024,461.998,251.931,367.751,364.028,265.078,246.503,133.12,340.238,268.993,138.967,287.389,378.327,78.8712,314.434,174.492,92.8254
982,0,247.24,557.928,890.199,319.813,400.807,974.055,425.093,410.491,977.908,481.245,574.111,895.552,537.872,522.281,816.382,508.386,661.555,475.755,402.746,668.001,461.42,499.429,721.969,395.76,494.851,763.141,139.259,425.715,793.132,159.94,437.722,725.688,85.5357,493.592,918.927,145.17,204.319,467.929,826.316,236.667,378.402,464.45,340.446,373.008,461.359,251.912,372.303,363.774,265.145,247.561,134.547,340.326,270.064,140.06,287.539,378.293,78.696,314.548,175.052,94.4865
983,0,247.204,569.058,888.527,321.583,412.54,972.173,426.789,423.096,975.796,480.902,587.191,892.574,538.764,535.188,813.894,510.377,670.183,472.729,404.168,674.708,456.985,501.626,733.383,395.525,496.069,786.234,140.656,427,814.137,163.201,439.707,751.28,84.5631,492.844,941.471,155.588,205.274,478.28,824.991,237.145,385.576,464.085,339.488,380.173,460.705,252.039,377.657,363.476,264.996,248.718,136.19,339.944,271.635,141.358,287.492,378.326,78.556,314.525,175.686,96.304
984,0,247.474,580.452,886.699,323.308,424.494,970.328,428.446,435.766,973.807,480.945,600.236,890.09,539.261,548.64,811.262,512.859,679.506,470.284,405.856,683.021,453.767,503.904,744.237,395.074,497.385,806.295,141.614,428.446,832.692,166.226,440.586,773.94,83.8059,491.962,960.555,164.377,206.286,488.868,823.781,237.752,393.567,463.553,341.75,389,460.259,252.227,383.771,363.043,264.547,250.142,138.163,339.802,273.132,142.752,287.378,378.406,78.3889,314.298,176.383,98.3077
985,0,247.755,592.058,885.118,325.067,436.685,968.591,430.214,448.51,972.121,481.404,613.111,887.851,539.823,562.084,809.111,515.104,690.184,468.239,407.669,693.557,451.664,506.537,755.384,394.017,498.2,823.086,140.817,430.191,848.343,167.979,441.196,793.535,82.1265,491.763,975.989,170.675,207.527,500.135,822.482,238.306,402.506,462.942,342.282,398.002,459.449,252.653,391.1,362.434,263.869,251.899,140.352,339.204,274.795,144.336,287.29,378.383,78.293,314.047,177.074,100.577
986,0,248.604,604.014,883.359,326.803,449.082,966.914,431.915,461.121,970.661,482.26,625.898,886.175,540.774,575.421,807.562,516.915,702.435,466.788,409.391,706.838,450.995,508.709,767.834,392.619,498.859,836.625,138.601,431.248,861.015,167.776,441.281,808.845,79.5718,492.044,988.008,173.705,208.819,511.915,821.069,239.128,412.343,462.157,342.934,407.797,458.54,253.188,398.369,361.72,262.896,254.064,142.97,338.426,276.671,146.116,287.221,378.427,78.2274,313.642,177.925,103.015
987,0,249.877,616.575,881.785,328.347,461.679,965.503,433.492,473.81,969.377,483.629,638.549,884.845,542.119,588.662,806.673,517.895,716.453,465.765,410.85,722.119,451.618,509.961,781.126,390.856,499.172,847.085,135.522,431.674,871.045,165.482,441.507,819.545,76.6124,491.996,997.633,172.619,210.101,524.32,819.679,239.988,422.998,461.373,344.313,418.148,458.034,253.879,406.821,361.019,261.887,256.659,145.769,337.542,278.964,148.376,287.092,378.518,78.1898,312.959,179.284,106.446
988,0,251.527,629.616,880.414,329.715,474.649,964.212,434.768,486.683,968.248,485.598,651.558,883.93,543.731,601.466,806.353,518.186,731.253,465.298,411.873,738.346,452.602,510.1,794.593,388.637,498.87,855.066,132.193,431.107,879.111,161.601,441.771,826.133,73.8496,489.964,1005.76,167.467,211.383,537.306,818.406,240.859,434.476,460.582,345.286,429.614,457.079,254.485,416.312,360.45,260.749,259.768,148.824,336.69,281.922,150.805,286.815,378.727,78.237,311.985,181.23,111.139
989,0,253.531,643.111,879.238,331.02,487.855,963.07,436.066,499.827,967.258,487.736,664.917,883.281,544.887,615.406,805.507,517.529,746.867,464.991,412.244,754.246,453.245,509.012,808.29,386.137,498.462,860.877,130.039,430.161,886.1,156.984,441.095,827.793,74.8487,488.317,1013.48,159.047,212.782,550.838,817.08,241.88,446.856,459.649,346.228,442.098,455.947,255.063,426.215,359.833,259.56,263.341,152.451,335.746,285.222,153.611,286.585,378.922,78.2835,311.063,183.655,116.579
990,0,255.682,657.061,878.27,332.44,501.516,962.054,437.516,513.477,966.353,490.379,678.454,883.358,546.747,628.806,805.78,516.394,762.567,464.684,411.695,768.713,453.258,506.583,822.265,383.721,497.229,865.714,127.576,428.107,891.443,152.414,440.274,829.735,74.9081,487.673,1020.1,150.029,214.2,564.76,816.028,243.006,460.245,458.654,347.881,455.815,454.989,255.692,437.135,359.13,258.491,267.641,156.497,334.681,289.53,156.676,286.366,379.129,78.3462,310.47,186.603,123.315
991,0,257.724,671.214,877.745,334.001,515.341,961.33,439.034,527.482,965.576,492.438,692.661,882.986,548.356,643.046,805.902,514.804,778.427,464.379,410.854,781.783,452.611,503.427,836.332,381.65,495.479,871.725,124.975,426.038,898.532,149.139,437.893,833.364,75.3593,487.368,1025.97,142.034,215.792,578.872,815.155,244.036,474.791,457.588,349.523,470.673,453.586,256.397,448.904,358.338,257.72,272.819,160.848,334.024,294.821,159.921,286.023,378.812,78.0795,309.734,190.58,130.472
992,0,259.556,685.357,877.461,335.842,529.115,960.813,440.857,541.706,965.238,494.185,706.924,882.856,550.042,657.622,805.536,513.726,793.304,464.304,410.041,793.487,451.842,500.731,849.56,380.409,493.139,879.731,124.521,423.809,907.575,146.952,435.494,838.096,78.0892,485.859,1034.25,132.492,217.589,593.028,814.398,245.245,490.683,456.258,351.394,487.019,451.85,256.966,461.996,357.393,257.11,279.052,165.742,333.127,301.076,163.497,285.664,378.786,77.9193,309.207,195.622,138.655
993,0,261.307,699.476,877.52,337.803,542.828,960.573,442.958,555.9,965.22,495.757,721.182,882.911,551.846,672.657,805.203,513.663,806.759,464.382,409.215,804.576,450.975,499.633,862.497,380.499,491.778,887.963,124.209,421.628,916.464,144.707,434.074,842.639,81.3285,483.397,1042.52,121.857,219.557,607.277,813.836,246.575,508.144,454.83,353.609,504.97,449.487,257.531,476.391,356.386,256.594,286.574,171.259,332.377,308.982,167.021,285.735,380.148,78.284,309,202.028,148.126
994,0,262.96,713.302,877.944,339.633,556.453,960.552,444.798,569.873,965.671,497.186,735.235,883.722,553.516,687.67,805.479,514.462,819.576,465.044,408.329,815.201,451.047,498.848,874.997,380.325,491.532,894.709,123.149,421.173,922.311,141.897,434.783,845.522,83.332,480.171,1048.42,113.774,221.564,621.625,813.391,247.809,527.704,453.222,355.515,524.677,446.957,257.729,492.518,355.463,256.485,295.755,177.35,331.003,317.881,170.84,285.964,382.021,78.5213,309.187,210.237,159.017
995,0,264.686,727.143,878.636,341.448,569.784,960.649,446.499,583.496,966.376,498.609,748.998,884.932,555.372,701.717,807.133,514.622,833.999,466.676,407.961,826.476,452.523,498.642,887.557,380.154,492.031,899.053,122.505,420.975,926.243,140.112,435.866,847.539,84.7756,478.413,1052.27,106.966,223.496,635.983,812.923,248.976,549.768,450.831,357.098,546.376,444.065,257.909,510.956,353.953,256.481,306.802,184.016,329.698,328.344,175.355,285.641,384.253,78.7277,309.272,220.338,171.673
996,0,266.672,740.797,879.324,342.689,582.896,960.798,447.788,596.77,967.265,500.136,762.273,886.415,556.813,715.755,808.283,514.15,849.6,468.891,407.791,840.001,454.632,498.572,899.821,380.02,492.683,901.803,121.721,421.699,930.282,139.05,436.417,849.6,86.4071,479.248,1055.39,100.542,225.583,650.619,812.216,250.025,573.519,447.742,357.948,570.535,439.927,258.146,530.943,352.256,256.719,319.633,191.409,330.975,341.308,181.501,285.631,388.046,79.7123,310.278,233.259,186.005
997,0,268.822,754.462,879.968,343.669,595.854,960.859,448.646,609.595,968.125,502.147,775.105,888.054,558.706,729.609,809.169,513.501,864.767,470.854,408.405,854.625,457.599,498.424,911.475,380.167,494.174,904.59,122.11,422.599,934.325,138.266,436.783,851.671,87.9628,480.461,1057.83,95.3193,227.42,665.363,811.459,251.67,598.363,444.269,359.412,596.35,435.259,258.895,552.323,350.331,257.135,333.97,199.795,331.296,355.288,188.033,285.581,393.54,82.0798,311.848,248.677,201.611
998,0,271.079,768.005,880.467,344.358,608.625,960.786,449.335,622.064,968.845,504.106,787.791,889.716,560.682,742.308,810.895,513.3,878.777,472.13,408.479,867.776,459.207,498.355,922.214,380.02,494.639,907.79,121.996,423,937.581,137.348,437.302,853.064,89.1172,480.15,1060.5,90.7543,229.169,680.246,810.396,253.462,623.87,441.033,361.101,623.536,430.34,260.146,575.181,348.672,257.938,350.001,208.927,331.182,371.156,194.78,285.697,400.167,85.2215,313.463,266.53,218.17
999,0,273.416,781.431,880.695,344.898,621.24,960.554,449.757,634.321,969.314,506.127,800.282,891.276,562.837,754.768,812.699,513.062,891.279,472.71,408.594,880.317,460.331,497.933,932.205,379.491,494.223,910.913,122.375,421.683,939.504,136.417,437.272,854.033,89.8828,478.026,1062.37,87.3144,231.017,695.231,809.125,255.571,649.99,438.233,363.226,652.022,425.861,262.263,599.075,347.176,258.465,367.162,218.941,332.268,388.46,202.198,285.549,408.959,89.1306,315.418,286.757,234.907
1000,0,275.682,794.602,880.784,345.522,633.774,960.1,450.356,646.402,969.604,508.14,812.7,892.695,564.906,767.409,814.361,512.282,902.486,472.564,408.348,891.77,460.933,496.576,941.695,378.341,493.37,912.962,122.609,420.37,940.926,135.461,437.214,854.611,90.2351,477.14,1063.57,85.3496,232.96,710.11,807.759,257.838,676.428,435.755,364.796,681.717,421.64,264.605,623.547,346.557,259.815,386.454,229.142,333.826,407.52,210.207,285.208,419.883,92.6333,317.623,309.624,251.633
1001,0,277.914,807.584,880.715,346.337,646.035,959.579,451.267,658.385,969.894,510.286,824.817,894.232,566.886,780.442,816.014,511.514,912.846,472.324,407.18,901.169,461.36,494.381,950.467,377.393,492.803,914.622,122.462,419.211,941.714,134.636,436.724,854.654,90.6769,476.747,1064.32,84.5125,234.769,724.81,806.434,260.13,703.276,433.737,366.272,711.431,418.714,267.158,648.684,346.467,262.183,408.072,238.725,336.016,428.494,217.704,285.282,431.276,93.9539,320.496,335.451,267.66
1002,0,279.836,820.32,880.784,347.592,658.217,959.044,452.258,670.197,970.199,512.51,836.799,895.842,568.551,793.455,817.317,510.617,922.943,472.162,405.988,909.313,461.746,492.08,959.141,376.475,492.815,915.481,122.656,418.596,942.487,134.012,436.757,854.785,90.7709,476.453,1064.57,83.9149,236.574,739.33,805.349,262.166,730.335,432.606,368.179,740.485,417.937,269.723,674.447,347.152,265.912,432.211,246.702,338.132,451.093,224.128,285.241,443.317,95.625,323.797,365.919,282.327
1003,0,281.505,832.894,881.286,348.829,670.207,958.718,453.553,681.956,970.6,514.708,848.598,897.512,570.093,806.238,818.12,510.005,932.51,471.94,405.503,916.319,461.83,490.36,966.499,375.615,492.455,916.181,122.596,418.186,943.136,133.652,436.862,854.924,90.7876,476.256,1064.75,83.3414,238.349,753.648,804.876,264.379,757.587,432.402,370.954,768.219,419.013,272.317,700.775,348.481,269.258,455.773,253.501,340.577,474.697,229.066,285.07,456.442,100.78,327.083,399.647,294.069
1004,0,283.074,845.341,882.295,350.281,682.047,958.73,454.937,693.722,971.233,516.183,860.748,899.016,571.465,818.605,818.703,510.045,940.87,471.521,405.564,922.852,461.472,490.202,972.649,374.69,492.111,916.615,122.545,417.988,943.567,133.389,436.925,854.964,90.7639,476.28,1064.93,83.1476,239.824,767.502,805.202,266.331,784.403,433.692,373.511,795.08,420.864,274.803,727.443,350.611,272.973,480.696,261.052,343.358,499.011,234.46,285.78,472.774,106.611,331.37,430.091,303.838
1005,0,284.517,857.644,883.962,351.808,693.901,959.278,456.429,705.462,972.168,517.707,872.753,900.581,573.066,830.439,819.291,510.802,947.776,470.842,405.482,929.535,461.083,490.952,977.848,373.389,491.945,916.951,122.536,417.796,944.014,133.148,436.937,854.992,90.7485,476.269,1064.97,82.8194,241.326,781.07,806.178,268.172,811.125,435.988,377.245,819.779,424.759,277.347,753.759,353.11,276.576,505.846,267.939,346.656,523.724,240.319,286.529,495.065,114.558,336.808,455.323,311.269
1006,0,285.935,869.864,886.059,353.201,705.791,960.363,457.838,717.117,973.409,519.049,884.667,902.233,574.646,841.584,820.237,511.515,954.065,469.963,405.172,937.466,461.274,491.909,982.462,372.18,492.062,917.053,122.787,417.584,944.43,132.999,436.922,855.013,90.7742,476.301,1064.96,82.629,242.606,794.282,807.675,269.963,837.358,439.128,376.827,848.936,424.953,278.459,779.58,357.794,280.798,530.603,274.719,350.293,548.718,246.498,287.851,521.484,121.258,341.823,478.66,316.476
1007,0,287.328,882.077,888.627,354.457,717.659,961.894,459.118,728.764,974.912,520.521,896.329,904.106,576.114,852.473,821.682,512.657,959.813,469.246,405.593,944.472,461.206,493.369,986.228,370.925,491.929,917.129,122.901,417.474,944.834,132.925,436.86,855.086,90.8891,476.351,1064.86,82.41,243.549,807.289,809.729,271.912,863.11,442.824,380.273,873.122,429.862,282.563,805.523,360.192,284.895,555.787,280.271,354.333,574.774,252.063,289.043,551.634,127.401,346.496,501.975,319.844
1008,0,288.838,894.315,891.33,355.738,729.551,963.824,460.37,740.389,976.551,522.033,907.887,906.104,577.307,863.325,823.368,513.498,964.908,468.672,,,,495.37,988.939,369.912,491.657,917.161,122.876,417.402,945.351,132.786,436.784,855.144,91.0812,476.386,1064.86,82.2595,244.676,820.245,812.076,273.784,887.907,447.476,372.058,905.134,430.496,284.84,831.193,364.722,288.935,581.674,284.094,357.695,601.535,256.191,290.091,583.683,132.833,350.858,525.678,321.549
1009,0,290.369,906.492,894.352,356.527,741.316,966.054,461.324,751.847,978.367,523.467,919.336,908.161,578.329,874.149,825.188,514.136,969.077,468.098,,,,496.641,992.159,369.052,491.4,917.273,122.68,417.398,945.6,132.862,436.832,855.287,91.2958,476.427,1064.89,82.1707,245.556,833.365,814.783,275.836,912.082,453.022,382.446,925.392,438.607,286.619,856.845,369.832,291.819,608.09,287.31,360.936,628.934,258.746,293.285,613.882,135.204,354.581,549.987,321.726
1010,0,291.865,918.571,897.394,357.684,753.134,968.344,462.419,763.314,980.304,525.082,930.655,910.226,579.218,885.157,826.847,515.939,972.96,467.537,,,,497.913,994.79,368.228,491.36,917.747,122.877,417.548,945.924,132.971,436.877,855.415,91.5672,476.529,1064.89,82.0277,246.185,846.322,817.747,277.835,935.805,458.87,387.663,946.27,446.047,288.083,882.233,375.27,294.868,635.072,288.506,363.818,656.878,260.016,294.369,646.939,137.438,358.053,575.186,320.374
1011,0,293.32,930.523,900.547,358.549,764.721,970.634,463.408,774.633,982.159,526.555,941.978,912.293,580.114,896.081,828.288,517.205,976.371,467.098,412.644,965.308,461.488,498.59,997.071,367.739,491.694,918.113,122.993,417.726,946.237,133.152,436.732,855.659,91.8449,476.646,1064.89,81.8325,246.905,859.314,820.718,279.386,959.006,465.064,,,,289.528,907.597,380.646,297.686,662.459,288.072,366.597,685.187,259.812,295.883,681.156,138.386,361.208,601.268,317.372
1012,0,294.625,942.386,903.67,359.489,776.255,972.822,464.445,785.946,983.961,527.9,953.286,914.17,580.714,907.084,829.621,518.559,979.42,466.858,413.639,969.792,460.128,499.83,999.358,367.205,490.829,918.124,122.925,417.957,946.489,133.386,436.547,855.871,92.0751,476.769,1064.84,81.6928,247.511,872.354,823.727,281.07,981.962,471.141,,,,291.117,932.783,385.408,297.495,690.7,288.702,370.36,713.365,259.09,298.047,714.77,137.523,364.263,627.708,312.662
1013,0,295.978,954.066,906.725,360.515,787.755,974.894,465.465,797.166,985.666,529.253,964.458,916.077,581.575,917.74,830.973,519.629,982.371,466.471,414.238,971.246,460.253,500.686,1001.44,366.73,491.486,918.083,123.092,418.105,946.67,133.6,436.487,856.005,92.3226,476.843,1064.8,81.53,248.167,885.287,826.641,282.502,1004.22,476.935,,,,293.387,958.312,388.754,301.88,718.062,283.748,371.385,743.185,256.135,299.249,749.984,136.201,366.513,654.675,306.874
1014,0,297.269,965.747,909.479,361.509,799.171,976.75,466.598,808.46,987.158,530.4,975.589,917.762,582.294,928.44,832.212,520.734,985.038,466.17,415.491,973.964,459.89,501.591,1003.09,366.22,491.733,918.259,123.331,418.32,946.918,133.844,436.36,856.119,92.6039,476.928,1064.78,81.3784,248.672,897.948,829.397,283.728,1025.83,482.392,,,,295.295,982.83,392.551,304.045,746.601,279.281,373.428,772.728,252.718,302.414,785.855,133.018,368.606,681.724,299.469
1015,0,298.318,977.333,912.159,362.492,810.508,978.459,467.533,819.701,988.518,531.584,986.82,919.39,582.959,938.772,833.338,521.733,987.842,465.857,415.926,975.725,459.697,502.625,1004.58,365.939,491.801,918.329,123.443,418.342,947.236,134.13,435.859,856.705,92.6972,477.019,1064.73,81.2151,249.056,910.598,832.113,284.805,1046.75,487.662,393.277,1060.31,479.005,297.06,1007.07,396.204,306.066,775.495,273.766,375.727,802.54,249.041,304.892,822.208,130.039,370.274,709.028,290.742
1016,0,299.363,988.814,914.418,363.319,821.923,980.027,468.369,830.924,989.776,532.59,997.902,920.77,583.577,948.97,834.402,522.828,990.103,465.536,419.467,975.97,459.543,503.534,1005.86,365.591,491.797,918.433,123.498,418.524,947.468,134.384,436.434,855.887,93.0311,476.765,1065.04,81.1811,249.639,922.96,834.585,285.918,1067.12,492.623,394.97,1079.84,486.417,298.845,1031.01,399.414,307.863,804.849,267.282,377.448,832.888,244.14,306.609,859.299,127.17,371.626,736.85,280.653
1017,0,300.292,1000.2,916.575,364.091,833.195,981.34,469.116,842.082,990.876,533.611,1008.85,921.865,584.087,959.247,835.076,523.96,992.105,465.288,420.529,977.688,459.359,504.545,1006.98,365.315,491.73,918.508,123.659,418.708,947.725,134.625,436.255,856.057,93.3066,476.998,1064.78,80.8364,249.834,935.113,836.871,286.838,1086.8,497.372,396.776,1099.79,492.291,300.426,1054.6,402.374,309.379,834.723,259.986,379.242,863.523,238.674,308.539,897.919,123.595,372.73,765.439,269.153
1018,0,301.064,1011.63,918.387,364.835,844.548,982.485,469.879,853.225,991.851,534.592,1019.84,922.572,584.617,969.337,835.494,525.125,993.842,465.209,421.627,979.714,459.311,505.738,1007.88,365.066,489.873,919.295,122.247,418.788,947.812,134.702,436.113,856.198,93.5025,477.092,1064.81,80.7179,250.167,947.165,839.015,287.687,1105.78,501.786,394.898,1116.55,495.584,301.67,1077.79,405.101,310.661,865.287,251.828,380.93,895.269,232.581,309.64,936.731,120.083,373.478,794.946,256.7
1019,0,301.853,1023.03,919.816,365.431,855.814,983.406,470.512,864.398,992.518,535.434,1030.84,922.982,584.926,979.587,835.863,525.749,994.755,464.849,422.727,982.001,459.314,507.239,1009.09,364.852,491.779,918.56,124.06,418.729,948.247,135.136,436.534,856.845,93.5792,477.241,1064.5,80.0721,250.435,959.025,840.784,288.418,1123.89,505.979,401.469,1135.11,505.96,302.651,1100.29,407.642,311.496,896.422,243.06,381.921,926.843,225.715,310.313,975.959,116.515,374.239,825.458,243.541
1020,0,302.549,1034.23,920.933,366.014,867.094,984.052,471.069,875.453,992.976,536.227,1041.73,923.03,585.259,989.673,835.874,526.688,996.081,464.629,421.489,985.043,459.677,508.228,1009.48,364.841,491.671,918.699,124.164,418.725,948.48,135.498,436.259,857.064,93.6898,476.973,1064.75,80.5447,250.472,970.674,842.344,288.967,1141.15,509.704,399.822,1151.97,507.375,303.346,1122.31,409.838,312.194,928.184,233.768,382.423,959.648,218.205,310.754,1016,112.868,374.708,856.929,229.67
1021,0,303.105,1045.73,921.762,366.408,878.375,984.57,471.557,886.609,993.155,536.884,1052.59,922.901,585.629,999.62,835.584,527.789,997.278,464.593,422.833,986.819,459.719,509.287,1010.28,364.867,491.587,919.728,124.354,415.777,944.792,133.098,436.195,857.16,93.8237,477.051,1064.74,80.4749,250.569,982.449,843.584,289.384,1157.49,512.906,400.683,1167.85,510.722,303.608,1143.53,411.816,312.671,960.78,223.955,383.392,994.477,210.068,310.474,1056.36,109.596,374.962,889.596,214.924
1022,0,303.674,1057.16,922.146,366.636,889.629,984.806,471.877,897.594,993.077,537.705,1063.36,922.569,585.693,1009.43,835.298,528.757,998.481,464.644,423.665,987.842,460.082,509.879,1010.93,364.815,491.785,918.789,124.498,419.592,949.04,136.125,437.296,856.343,95.4708,477.188,1064.59,80.4418,250.592,994.358,844.493,289.536,1173.13,515.461,400.829,1182.47,513.315,303.619,1164.14,413.311,312.836,993.52,214.134,383.679,1029.08,202.669,309.467,1097.03,106.661,375.922,923.901,199.603
1023,0,304.115,1068.71,922.429,366.878,901.08,984.711,472.055,908.698,992.81,538.351,1074.14,921.873,586.046,1019.05,834.92,529.842,999.662,464.592,424.893,989.16,460.086,510.724,1011.55,364.876,491.93,918.732,124.76,419.651,949.118,136.408,436.053,857.054,94.2626,477.19,1064.73,80.4217,250.492,1006.05,845.133,289.574,1187.96,517.376,400.541,1195.93,515.178,303.338,1184.17,414.359,312.474,1027.09,204.324,382.3,1062.65,194.721,307.731,1137.98,104.236,376.669,959.868,184.152
1024,0,304.699,1080.46,922.154,366.92,912.662,984.453,472.158,919.873,992.338,539.001,1084.83,921.029,586.164,1028.44,834.216,530.866,1000.84,464.671,425.701,990.419,460.006,511.947,1012.17,365,492.039,918.701,124.967,419.876,949.201,136.77,435.757,856.835,94.5306,477.224,1064.7,80.3282,250.635,1018.02,845.301,289.549,1201.95,518.372,399.183,1208.62,514.964,302.892,1203.42,414.949,312.11,1061.57,194.145,381.419,1097.97,186.989,305.485,1179.01,102.756,377.013,996.454,168.883
1025,0,305.284,1092.36,921.518,366.684,924.407,984.013,471.949,930.993,991.712,539.633,1095.38,919.824,586.238,1037.73,833.099,531.682,1002.45,464.407,427.847,991.142,459.751,512.977,1012.91,364.942,491.993,918.755,125.125,419.614,949.137,136.988,435.749,856.884,94.6201,477.306,1065.07,80.2672,250.503,1029.95,845.244,289.583,1214.85,518.526,398.873,1221.48,514.771,302.457,1222.01,414.911,311.675,1096.59,184.393,380.211,1133.65,179.521,302.841,1220.14,102.297,376.787,1033.3,154.515
1026,0,305.859,1104.46,920.508,366.509,936.343,983.367,471.578,942.228,990.902,540.389,1105.9,918.312,586.09,1046.96,831.998,532.539,1004.51,464.04,428.328,993.307,459.548,512.503,1013.87,363.661,491.919,918.822,125.335,419.824,949.52,137.224,435.693,856.922,94.703,478.17,1065.25,80.6008,250.581,1042.12,844.698,289.743,1226.79,517.664,398.292,1233.73,513.511,301.88,1239.86,414.579,310.48,1131.79,175.2,378.886,1169.79,172.777,300.489,1261.54,103.025,375.786,1071.89,140.052
1027,0,306.389,1116.72,919.158,365.925,948.415,982.577,471.286,953.505,989.925,541.168,1116.17,916.343,586.397,1055.66,830.702,533.08,1007.41,463.45,428.922,996.105,459.061,513.506,1016.77,362.644,491.86,918.907,125.569,419.575,950.013,137.518,436.391,856.304,94.8683,477.549,1064.82,80.2062,250.544,1054.17,843.827,289.774,1237.58,515.873,397.986,1244.87,511.577,301.175,1256.8,413.675,308.962,1167.48,166.647,377.301,1205.67,167.097,298.224,1302.31,104.685,374.465,1110.75,126.524
1028,0,307.059,1129.19,917.348,365.298,960.619,981.582,470.716,964.819,988.878,542.103,1126.4,914.302,587.476,1063.69,829.316,532.754,1009.57,462.615,428.917,999.501,458.512,514.697,1018.47,363.2,491.105,918.19,125.963,419.405,950.565,137.513,436.269,856.323,94.886,477.618,1064.82,80.1904,250.561,1066.38,842.528,289.83,1247.36,513.038,397.248,1255.1,508.815,300.588,1272.94,412.239,307.165,1203.54,159.143,375.554,1241.46,162.012,296.357,1342.86,107.697,372.493,1150.12,114.344
1029,0,307.697,1141.82,915.174,364.531,972.858,980.446,470.058,976.126,987.711,543.068,1136.46,911.928,587.193,1072.72,827.351,533.425,1014.37,461.845,428.988,1003.89,457.668,514.692,1021.42,362.252,491.222,918.954,126.148,419.126,950.942,137.607,436.097,856.385,94.9389,477.679,1064.84,80.1923,250.788,1078.69,840.839,288.228,1257.01,510.024,396.471,1264.46,505.43,299.673,1288.08,410.682,305.494,1239.93,152.695,373.952,1276.99,158.342,294.977,1382.98,112.695,369.131,1189.03,103.24
1030,0,308.413,1154.6,912.708,363.622,985.178,979.031,469.081,987.405,986.453,544,1146.48,909.634,587.321,1081.31,825.649,533.331,1018.81,460.749,428.827,1008.98,456.511,514.797,1024.85,361.289,490.508,919.428,126.431,418.621,951.715,137.546,435.854,856.565,95.1409,476.552,1064.59,79.0686,251.002,1091.16,838.861,287.865,1265.1,505.707,395.516,1272.89,500.998,298.491,1302.5,408.803,303.59,1275.76,148.075,372.496,1311.67,156.398,294.798,1422.06,119.083,366.697,1228.22,94.7401
1031,0,309.346,1167.69,910.069,362.569,997.526,977.393,467.985,998.464,984.995,545.175,1156.38,907.199,587.729,1089.68,823.944,533.229,1023.91,459.69,428.906,1014.93,455.196,514.66,1028.63,360.036,490.13,919.678,126.824,418.248,952.275,137.634,435.557,856.864,95.4558,477.37,1064.6,79.7402,251.368,1103.85,836.575,287.16,1272.91,500.76,394.339,1280.4,495.765,296.914,1316.2,407.083,301.953,1310.46,145.196,371.63,1345.02,156.226,295.492,1459.29,127.295,365.182,1267.48,88.1106
1032,0,310.35,1180.92,907.244,361.454,1009.96,975.421,466.954,1009.55,983.307,546.181,1166.22,904.839,587.914,1098.14,822.169,533.019,1028.96,458.741,428.743,1021.29,454.092,514.603,1032.5,358.828,489.514,920.105,127.317,417.653,953.149,137.826,434.679,857.813,95.6057,477.337,1064.59,79.5121,251.85,1116.92,834.033,286.087,1280.86,495.572,393.187,1287.12,489.807,295.453,1329.69,405.39,301.108,1343.9,144.186,371.088,1376.55,157.796,297.066,1494.08,137.172,363.58,1304.46,83.6905
1033,0,311.655,1194.58,904.41,360.258,1022.61,973.248,465.587,1020.59,981.417,547.443,1175.93,902.683,588.052,1106.53,820.403,532.836,1034.54,457.745,427.915,1027.67,453.153,514.481,1036.59,357.675,488.904,920.549,127.925,417.345,953.903,138.011,434.42,858.182,95.9769,477.31,1064.56,79.299,252.216,1130.26,831.297,284.723,1289.66,490.495,392.062,1293.62,483.336,294.53,1343.27,404.079,300.674,1375.41,144.513,371.307,1405.51,160.812,299.492,1525.9,148.044,362.613,1339.49,81.0921
1034,0,312.687,1208.18,901.646,358.896,1035.45,970.902,464.296,1031.89,979.273,548.524,1186.09,900.5,588.133,1115.19,818.697,532.767,1040.6,456.616,427.572,1034.74,452.14,514.577,1041.12,356.354,488.647,920.959,128.57,416.821,954.927,138.3,434.569,858.139,96.8964,477.26,1064.48,79.013,252.308,1143.92,828.538,283.403,1298.69,485.933,,,,293.358,1356.65,403.92,300.8,1404.78,146.243,371.733,1431.73,164.621,302.37,1554.32,159.086,362.006,1371.5,80.233
1035,0,313.962,1222.1,899.113,357.354,1048.53,968.509,462.629,1043.32,977.08,549.64,1196.24,898.478,587.819,1124.31,816.993,532.45,1047.2,455.495,427.118,1041.97,451.024,514.581,1046.01,355.093,488.333,921.625,129.398,416.775,955.703,138.636,434.591,858.511,97.4144,477.231,1064.45,78.6617,252.463,1157.96,825.85,282.31,1308,481.905,,,,293.176,1369.32,403.751,300.538,1430.98,148.808,372.117,1455.07,168.577,305.804,1579.71,169.231,361.005,1399.96,80.7972
1036,0,314.916,1235.74,896.919,355.896,1061.72,966.278,461.106,1055.05,974.796,550.49,1206.75,896.309,587.298,1133.86,815.12,532.277,1054.03,454.408,427.708,1050.01,449.594,514.325,1051.12,353.698,488.212,922.51,130.386,416.529,956.781,139.319,434.491,858.927,98.4246,477.428,1064.57,78.3222,252.377,1172.32,823.542,281.083,1317.96,479.119,390.126,1315.9,468.551,293.822,1383.45,404.406,300.813,1454.31,151.488,372.613,1475.76,171.978,309.738,1601.88,177.817,360.199,1424.65,81.8189
1037,0,315.644,1249.36,895.104,354.4,1074.81,964.255,459.607,1067.03,972.556,551.009,1217.8,894.302,586.836,1144.13,813.384,531.839,1061.47,453.38,427.578,1057.97,448.4,513.211,1056.08,352.339,488.399,923.302,131.78,416.583,957.963,140.035,434.69,859.535,100.092,477.178,1064.26,78.1666,252.178,1186.85,821.539,280.147,1329.18,477.016,390.097,1324.6,466.192,293.941,1395.93,404.316,301.95,1473.46,152.872,373.693,1493.06,174.06,313.601,1620.12,184.023,360.627,1445.53,81.7923
1038,0,316.099,1262.37,893.133,353.075,1087.7,962.447,458.193,1079.18,970.553,551.128,1229.26,892.358,586.23,1155.37,811.419,531.36,1069.42,452.373,427.135,1066,447.28,513.453,1062.56,351.73,488.599,924.703,133.453,416.801,959.264,141.124,434.85,860.175,102.189,477.214,1064.1,77.7971,251.793,1201.12,819.834,280.046,1342.69,476.05,389.986,1336.27,465.969,293.405,1408.34,403.52,303.454,1488.83,152.2,374.848,1507.42,174.314,316.327,1634.39,186.539,362.413,1462.12,80.7165
1039,0,315.581,1275.46,891.713,352.007,1100.45,960.897,457.133,1091.58,968.774,550.904,1241.24,890.423,585.411,1167.14,809.605,530.76,1078.16,451.71,426.585,1074.52,446.391,513.32,1069.45,351.12,489.007,926.088,135.59,417.146,960.926,142.456,435.213,860.907,104.529,477.137,1063.89,77.4149,251.252,1215,818.655,280.768,1357.63,475.886,390.061,1351.47,466.992,293.513,1422.45,402.177,304.985,1500.53,149.59,376.318,1519.16,172.684,317.869,1645.94,185.029,365.033,1473.92,78.9808
1040,0,314.651,1288.68,890.681,351.097,1113.26,959.765,456.3,1104.37,967.306,549.987,1253.81,888.679,584.795,1179.62,808.009,530.457,1087.49,451.127,426.123,1083.84,445.678,513.145,1076.67,350.554,489.858,927.734,138.239,417.739,962.683,144.369,435.746,861.91,107.19,477.127,1063.81,77.2544,250.366,1228.4,818.135,282.028,1373.41,475.948,,,,293.92,1436.15,400.264,306.667,1509.58,145.829,377.95,1528.2,169.095,319.846,1655.11,179.16,367.307,1481.25,76.5437
1041,0,313.068,1302.27,890.189,350.401,1126.37,958.838,455.475,1117.51,966.126,548.752,1266.92,887.25,584.076,1192.52,806.543,530.088,1097.63,450.816,425.541,1094.25,445.159,513.143,1084.53,350.229,490.778,930.114,141.251,418.634,965.079,146.558,436.386,863.225,110.807,477.265,1063.93,77.2175,249.469,1241.47,818.019,283.863,1389.69,475.913,392.469,1386.13,468.92,295.844,1450.84,397.902,308.507,1516.06,141.505,380.16,1534.9,163.891,322.608,1662.21,170.689,368.806,1484.83,73.7892
1042,0,311.548,1316.11,889.729,349.487,1139.97,958.139,454.588,1130.99,965.319,547.381,1280.47,886.215,583.251,1205.72,805.614,529.869,1108.84,450.411,425.209,1105.79,444.591,513.425,1093.43,350.044,491.934,932.822,144.813,419.28,968.118,149.23,437.317,865.389,115.771,477.498,1064.21,77.2873,248.489,1254.73,818.21,286.109,1406.06,475.605,393.256,1403.39,469.421,299.338,1465.52,394.82,310.32,1520.55,138.087,382.504,1539.89,158.2,326.864,1669.09,161.482,369.708,1485.62,73.1415
1043,0,310.111,1330.44,889.467,348.419,1153.87,957.858,453.602,1144.82,964.795,545.918,1294.31,885.656,582.174,1219.04,804.901,529.917,1120.66,450.278,424.972,1118.3,443.885,513.311,1102.48,349.593,493.057,936.26,148.869,421.026,971.562,152.235,438.446,868.052,121.712,477.768,1064.46,77.3023,247.604,1268.7,818.105,288.746,1422.38,475.43,394.279,1419.25,469.7,303.283,1479.52,392.181,312.446,1525.04,135.374,385.73,1544.09,153.893,330.275,1674.98,153.874,370.505,1487,72.4116
1044,0,308.987,1345.28,889.434,346.904,1168,957.828,452.087,1158.75,964.515,544.579,1308.14,885.462,580.818,1232.3,804.63,530.163,1133.73,449.854,424.877,1131.97,442.93,514.248,1112.88,349.697,494.355,940.476,153.427,422.551,976.015,155.553,439.664,871.64,128.653,478.012,1064.72,77.3044,246.451,1283.65,817.801,291.368,1437.98,475.508,395.629,1433.21,469.687,307.081,1493.08,390.407,315.679,1531.84,133.369,389.374,1550.67,151.163,333.51,1680.67,147.095,372.66,1489.21,73.459
1045,0,308.328,1360.2,889.618,344.888,1182.78,957.515,450.369,1172.6,964.449,543.62,1321.87,885.542,579.512,1245.77,804.573,530.382,1147.89,449.6,424.751,1146.93,441.706,515.181,1124.42,349.668,495.848,945.613,158.581,424.212,981.405,159.154,440.942,876.384,136.727,478.179,1065.12,77.3067,245.219,1299.77,817.355,293.227,1452.35,475.598,397.254,1445.32,469.662,309.902,1505.81,389.644,319.058,1539.9,133.019,392.709,1559.11,148.914,337.858,1688.67,138.097,374.571,1493.26,75.2118
1046,0,307.945,1374.99,890.376,342.798,1197.61,957.58,448.423,1186.3,964.631,542.837,1335.34,886.006,577.655,1259.09,804.94,530.99,1163.47,449.324,424.497,1163.4,440.274,516.352,1137.15,349.551,497.078,952.045,164.369,425.938,988.148,163.22,442.087,882.424,145.84,478.3,1065.52,77.4086,244.14,1316.29,817.36,294.148,1465.4,475.913,399.195,1456.11,469.922,311.818,1518.75,390.129,320.787,1547.99,132.795,394.234,1566.95,145.498,342.487,1696.7,127.638,375.585,1497.34,77.746
1047,0,307.572,1389.69,891.792,340.886,1212.1,958.268,446.331,1199.83,965.093,541.868,1348.57,886.988,576.013,1272.71,805.268,531.839,1181.06,449.094,424.938,1181.86,438.779,518.119,1151.66,349.694,498.331,960.017,170.823,428.087,996.775,167.486,443.027,890.454,156.258,478.519,1066.28,77.7462,243.553,1332.92,818.31,294.793,1479,477.058,400.652,1465.69,470.508,313.627,1531.54,390.618,321.398,1554.49,131.701,395.505,1572.9,143.072,346.045,1702.16,119.255,373.775,1499,79.7684
1048,0,307.571,1403.79,893.627,339.126,1226.15,959.279,444.34,1212.96,965.798,540.775,1361.6,888.136,574.264,1286.4,805.59,533.212,1201.26,448.289,426.125,1202.86,436.673,520.263,1168.22,349.488,499.295,970.208,177.862,430.107,1007.36,172.163,443.548,900.71,167.913,478.14,1067.23,77.467,242.904,1348.72,819.934,296.146,1494.01,478.796,402.122,1475.65,471.506,315.363,1544.26,390.68,321.166,1559.11,130.94,396.098,1576.96,141.683,348.103,1705.82,112.6,372.774,1500.98,81.6161
1049,0,306.96,1417.78,895.91,337.611,1239.92,960.503,442.777,1225.88,966.494,539.517,1374.44,889.383,572.541,1299.97,806.099,534.937,1223.22,446.843,427.982,1226.3,433.82,523.281,1186.78,349.528,500.072,981.822,185.202,431.767,1019.54,177.223,443.337,913.04,181.057,478.52,1069.75,78.0106,242.081,1363.65,821.729,297.911,1509.46,480.22,401.884,1486.99,472.429,316.67,1556.59,390.503,320.959,1562.9,130.411,396.431,1580.64,140.43,348.255,1708.65,106.154,372.424,1502.86,83.3535
1050,0,305.897,1431.19,897.996,336.34,1253.12,961.635,441.296,1238.29,967.112,538.245,1387.07,890.644,570.754,1313.62,806.197,536.366,1246.66,444.823,430.276,1252.29,429.866,525.545,1206.29,348.605,500.44,994.829,193.117,433.189,1032.99,182.803,442.409,927.496,195.309,478.644,1072.96,79.2258,240.841,1377.61,823.506,299.621,1524.12,481.223,402.511,1498.9,473.087,317.609,1568.07,390.443,320.733,1566.14,130.04,396.515,1584.42,139.446,347.686,1711.14,100.507,372.102,1504.71,84.965
1051,0,304.645,1444.39,899.888,335.398,1266.02,962.504,440.264,1250.65,967.456,536.841,1399.55,891.629,568.976,1327.28,805.913,537.66,1270.69,442.677,431.562,1278.77,425.478,527.195,1227,347.893,500.466,1009.31,202.094,434.044,1047.78,189.427,441.439,944.094,210.721,479.281,1077.84,81.4213,239.401,1391.03,825.186,301.013,1537.68,482.17,402.951,1510.67,473.979,319.613,1577.93,389.143,320.438,1569.48,129.569,396.622,1587.51,138.235,348.577,1713.61,95.4046,371.523,1506.12,86.2876
1052,0,303.61,1457.26,901.237,334.446,1278.56,963.205,439.25,1262.62,967.445,535.465,1411.78,892.329,567.12,1340.85,805.264,538.401,1295.31,440.691,434.897,1308.01,420.816,528.379,1248.47,348.128,499.965,1025.14,211.974,434.942,1063.99,196.303,440.084,962.742,226.71,480.52,1083.5,84.8468,238.066,1404.42,826.807,301.743,1549.69,482.562,403.118,1522.26,474.786,320.627,1587.55,388.329,320.966,1572.56,129.241,397.674,1589.38,137.197,349.52,1714.77,93.5781,371.461,1506.9,86.7414
1053,0,302.555,1469.83,902.446,333.632,1290.85,963.681,438.364,1274.48,967.274,534.098,1423.86,892.623,565.47,1354.26,804.413,539.244,1320.41,439.067,436.519,1336.39,416.919,528.597,1271.45,348.141,499.318,1042.42,222.921,434.672,1081.62,203.871,438.02,983.619,242.645,481.229,1092.7,88.0867,236.704,1417.73,828.336,302.458,1560.06,482.618,403.605,1533.28,475.566,322.038,1596.27,387.232,321.292,1573.84,129.035,398.658,1589.99,136.715,349.587,1714.99,92.298,371.271,1506.9,87.103
1054,0,302.05,1481.85,903.474,332.674,1302.95,964.182,437.217,1286.1,966.957,533.081,1435.87,892.748,563.773,1367.54,803.261,539.985,1345.76,437.649,438.594,1365.21,414.754,528.323,1294.51,348.927,497.719,1061.76,233.84,433.744,1101.18,211.418,435.346,1007.08,258.355,483.44,1103.48,90.5026,235.436,1431.02,829.975,303.322,1569.5,482.555,404.007,1543.1,476.472,323.904,1604.09,386.493,321.284,1574.96,128.89,399.133,1590.22,136.326,349.866,1715.2,91.6389,371.278,1507.17,87.1341
1055,0,301.023,1494.04,904.862,331.545,1314.82,964.867,436.087,1297.63,966.706,532.215,1447.63,892.632,562.251,1380.89,802.378,540.761,1371.19,436.763,439.427,1393.15,414.686,528.157,1319.26,350.14,495.305,1083.22,243.974,432.114,1121.32,219.284,432.29,1033.8,273.206,485.527,1112.97,91.7795,234.329,1443.85,831.429,303.648,1578.01,482.396,403.969,1551.35,477.399,325.169,1610.85,385.832,321.286,1575.17,128.403,399.385,1590.59,135.954,349.852,1715.27,91.2361,371.087,1507.31,87.154
1056,0,300.517,1505.8,906.262,330.593,1326.56,965.811,435.093,1309.05,966.634,531.508,1459.33,892.881,561.062,1394,801.868,541.661,1396.54,437.181,439.95,1420.44,415.868,527.796,1343.68,352.147,492.144,1105.72,251.934,430.291,1143.83,224.779,429.604,1065.37,286.225,486.522,1121.55,94.3267,233.258,1456.25,832.871,303.146,1585.47,482.035,403.887,1558.36,477.832,325.54,1616.63,385.116,320.827,1575.51,128.855,399.352,1590.92,135.832,349.802,1715.26,90.8627,370.872,1507.35,87.1669
1057,0,299.923,1517.42,907.855,329.667,1338.04,967.061,434.169,1320.34,967.112,530.872,1470.94,893.656,559.994,1406.78,802.313,542.105,1421.84,438.85,440.115,1446.95,418.14,527.708,1368.93,354.965,489.818,1129.81,259.626,429.203,1167.63,228.864,426.698,1097.97,295.98,486.324,1130.59,99.3772,232.088,1467.82,834.221,302.228,1591.7,481.558,,,,325.092,1621.33,384.334,320.687,1575.63,128.926,399.429,1591.42,135.63,349.672,1715.14,90.3741,370.797,1507.38,87.2465
1058,0,298.913,1528.76,909.652,328.844,1349.24,968.558,433.32,1331.56,968,529.923,1482.57,895.009,559.21,1419.28,803.361,542.397,1447.37,441.412,440.266,1473.06,420.952,527.778,1394.67,357.94,487.377,1155,266.54,428.211,1192.8,232.386,423.143,1129.95,303.753,486.131,1140.76,105.309,230.856,1478.71,835.711,301.115,1596.91,480.993,,,,323.578,1625.13,383.312,320.725,1575.67,128.88,399.29,1592.62,135.632,349.649,1715.35,90.4984,370.864,1507.44,87.34
1059,0,298.144,1539.72,911.559,328.279,1360.32,970.195,432.702,1342.74,969.323,529.269,1494.04,896.833,558.584,1431.44,805.039,542.824,1472.74,444.548,440.657,1498.82,424.077,527.673,1420.72,361.146,485.138,1181.01,272.711,427.365,1217.41,234.883,419.438,1161.59,309.996,486.096,1154.01,112.513,229.645,1488.9,837.423,300.004,1601.63,480.389,,,,321.837,1628.41,382.424,320.753,1575.65,128.773,398.829,1592.89,134.871,349.65,1715.32,90.2805,370.904,1507.47,87.4452
1060,0,297.009,1550.55,913.708,327.759,1371.11,971.994,432.202,1353.95,971.093,528.229,1505.87,899.314,558.28,1443.56,807.134,542.932,1498.06,447.808,440.532,1523.78,427.972,527.293,1446.15,364.669,482.845,1206.61,278.222,425.862,1243.18,238.724,415.868,1192.2,314.939,485.883,1171.29,119.488,228.689,1498.89,839.369,298.823,1605.9,479.947,,,,319.896,1631.3,381.596,320.774,1575.68,128.51,398.324,1593.13,134.614,349.549,1715.39,90.1281,370.882,1507.49,87.591
1061,0,295.95,1561.04,915.998,327.418,1381.7,973.827,431.867,1365.03,973.113,526.969,1517.63,902.132,557.918,1455.97,809.576,543.085,1522.06,452.06,440.396,1547.76,432.633,526.655,1470.97,368.494,480.779,1231.41,283.547,424.168,1268.72,242.762,412.279,1220.16,318.937,485.996,1193.01,125.511,227.917,1508.77,841.193,297.598,1609.85,479.726,,,,317.741,1633.77,381.024,320.444,1575.9,128.689,397.906,1593.41,134.574,349.424,1715.39,89.9136,370.854,1507.58,87.7844
1062,0,294.721,1571.33,918.239,327.114,1392.09,975.774,431.725,1376.04,975.349,525.852,1529.28,905.073,557.926,1468.65,812.222,543.166,1545.18,457.237,440.928,1572.43,437.124,526.368,1495.02,373.185,478.539,1255.54,288.409,422.63,1294.01,247.171,409.33,1244.44,322.448,486.11,1219.53,129.905,227.219,1518.68,842.973,296.354,1613.7,479.607,395.833,1584.79,476.778,316.15,1636.37,380.52,320.198,1576.13,128.863,397.391,1592.02,135.236,349.456,1715.49,89.6032,370.77,1507.64,88.0781
1063
1064
1065
1066
1067
1068
1069
1070
1071
1072
1073
1074
1075
1076
1077
1078
1079
1080
1081
1082
1083
1084
1085
1086
1087
1088
1089
1090
1091
1092
1093
1094
1095
1096
1097
1098
1099
1100
1101
1102
1103
1104
1105
1106
1107
1108
1109
1110
1111
1112
1113
1114
1115
1116
1117
1118
1119
1120
1121
1122
1123
1124
1125
1126
1127
1128
1129
1130
1131
1132
1133
1134
1135
1136
1137
1138
1139
1140
1141
1142
1143
1144
1145
1146
1147
1148
1149
1150
1151
1152
1153
1154
1155
1156
1157
1158
1159
1160
1161
1162
1163
1164
1165
1166
1167
1168
1169
1170
1171
1172
1173
1174
1175
1176
1177
1178
1179
1180
1181
1182
1183
1184
1185
1186
1187
1188
1189
1190
1191
1192
1193
1194
1195
1196
1197
1198
1199
1200
1201
1202
1203
1204
1205
1206
1207
1208
1209
1210
1211
1212
1213
1214
1215
1216
1217
1218
1219
1220
1221
1222
1223
1224
1225
1226
1227
1228
1229
1230
1231
1232
1233
1234
1235
1236
1237
1238
1239
1240
1241
1242
1243
1244
1245
1246
1247
1248
1249
1250
1251
1252
1253
1254
1255
1256
1257
1258
1259
1260
1261
1262
1263
1264
1265
1266
1267
1268
1269
1270
1271
1272
1273
1274
1275
1276
1277
1278
1279
1280
1281
1282
1283
1284
1285
1286
1287
1288
1289
1290
1291
1292
1293
1294
1295
1296
1297
1298
1299
1300
1301
1302
1303
1304
1305

